-0.57982  2.76946  50  -1.38629  0  -1.38629  6    0  -0.43078
-0.99425  3.31963  58  -1.38629  0  -1.38629  6    0  -0.16252
-0.51083  2.69124  74  -1.38629  0  -1.38629  7   20  -0.16252
-1.20397  3.28279  58  -1.38629  0  -1.38629  6    0  -0.16252
 0.75142  3.43237  62  -1.38629  0  -1.38629  6    0   0.37156
-1.04982  3.22883  50  -1.38629  0  -1.38629  6    0   0.76547
 0.69315  3.53951  58   1.53687  0  -1.38629  6    0   0.85442
 0.25464  3.60414  65  -1.38629  0  -1.38629  6    0   1.26695
-1.34707  3.59868  63   1.26695  0  -1.38629  6    0   1.26695
 1.61343  3.02286  63  -1.38629  0  -0.59784  7   30   1.26695
 1.47705  2.99823  67  -1.38629  0  -1.38629  7    5   1.34807
 1.54116  3.06105  66  -1.38629  0  -1.38629  6    0   1.44692
-0.41552  3.51601  70   1.24415  0  -0.59784  7   30   1.47018
 2.28849  3.64936  66  -1.38629  0   0.37156  6    0   1.49290
-0.56212  3.26767  41  -1.38629  0  -1.38629  6    0   1.55814
 0.18232  3.82538  70   1.65823  0  -1.38629  6    0   1.59939
 1.14740  3.41937  59  -1.38629  0  -1.38629  6    0   1.63900
-0.54473  3.37588  59  -0.79851  0  -1.38629  6    0   1.69562
 1.78171  3.45157  63   0.43825  0   1.17866  7   60   1.71380
 0.51282  3.71965  65  -1.38629  0  -0.79851  7   70   1.80006
 1.04028  3.12895  67   0.22314  0   0.04879  7   80   1.84845
 2.40964  3.37588  65  -1.38629  0   1.61939  6    0   1.89462
 0.28518  4.09017  65   1.96291  0  -0.79851  6    0   1.92425
 1.27536  3.03735  71   1.26695  0  -1.38629  6    0   2.00821
-0.01005  3.21687  63  -1.38629  0  -0.79851  6    0   2.04769
 1.42311  3.65713  73  -0.57982  0   1.65823  8   15   2.15756
 0.45742  2.37491  64  -1.38629  0  -1.38629  7   15   2.19165
 2.66096  4.08514  68   1.37372  1   1.83258  7   35   2.21375
 0.79751  3.01308  56   0.93609  0  -0.16252  7    5   2.27727
 0.62058  3.14200  60  -1.38629  0  -1.38629  9   80   2.29757
 0.58222  3.86598  62   1.71380  0  -0.43078  6    0   2.32728
 1.48614  3.40950  66   1.74920  0  -0.43078  7   20   2.52172
 1.66393  3.39283  61   0.61519  0  -1.38629  7   15   2.55334
 2.72785  3.99545  79   1.87947  1   2.65676  9  100   2.56879
 1.09192  3.99360  68  -1.38629  0  -1.38629  7   50   2.65676
 1.66013  4.23483  64   2.07317  0  -1.38629  6    0   2.67759
 1.26695  4.28013  66   2.12226  0  -1.38629  7   15   2.71800
 0.46373  3.76468  49   1.42311  0  -1.38629  6    0   2.79423
 0.54232  4.17823  70   0.43825  0  -1.38629  7   20   2.80639
 1.06126  3.85121  61   1.29473  0  -1.38629  7   40   2.81241
 0.45742  4.52450  73   2.32630  0  -1.38629  6    0   2.84200
 2.77571  3.52489  72  -1.38629  0   1.55814  9   95   2.85359
 2.02287  3.87847  68   1.78339  0   1.32176  7   70   2.92047
 2.19834  4.05091  72   2.30757  0  -0.43078  7   10   2.96269
-0.44629  4.40855  69  -1.38629  0  -1.38629  6    0   2.96269
 1.19392  4.78038  72   2.32630  0  -0.79851  7    5   2.97298
 1.86408  3.59319  60  -1.38629  1   1.32176  7   60   3.01308
 1.16002  3.34109  77   1.74920  0  -1.38629  7   25   3.03735
 2.99923  3.84908  69  -1.38629  1   1.90954  7   20   3.27526
 3.14113  3.26385  68  -0.05129  1   2.42037  7   50   3.33755
 2.01089  4.43379  72   2.12226  0   0.50078  7   60   3.39283
 2.53766  4.35478  78   2.32630  0  -1.38629  7   10   3.43560
 2.64830  3.58213  69  -1.38629  1   2.58400  7   70   3.45789
 1.46787  3.07038  66   0.55962  0   0.22314  7   40   3.51601
 2.51366  3.47352  57   0.43825  0   2.32728  7   60   3.53076
 2.61301  3.88875  77  -0.52763  1   0.55962  7   30   3.56530
 1.56235  3.70991  60   1.69562  0   0.81093  7   30   3.58768
 3.30285  3.51898  64  -1.38629  1   2.32728  7   60   3.63099
 2.02419  3.73170  58   1.63900  0  -1.38629  6    0   3.68009
 1.73166  3.36902  62  -1.38629  1   0.30010  7   30   3.71235
 2.80759  4.71805  65  -1.38629  1   2.46385  7   60   3.98434
 1.56235  3.69511  76   0.93609  1   0.81093  7   75   3.99360
 3.24649  4.10182  68  -1.38629  0  -1.38629  6    0   4.02981
 2.53290  3.67757  61   1.34807  1  -1.38629  7   15   4.12955
 2.83027  3.87640  68  -1.38629  1   1.32176  7   60   4.38515
 3.82100  3.89691  44  -1.38629  1   2.16905  7   40   4.68444
 2.88256  3.77391  68   1.55814  1   1.55814  7   80   5.47751
